25
1 1
5
5 1
1 2 3 4 5
5 5
4 3 9 3 1
5 2
4 3 9 3 1
6 2
10 9 8 7 6 5
7 3
100 1 100 1 100 1 100
6 4
7 7 7 7 7 7
8 3
5 2 6 9 1 7 3 4
3 2
1000000000 1000000000 1000000000
6 3
2 2 1000 2 2 2
10 2
1 1 1 1 1 1 1 1 1 1
2 1
8 3
2 2
8 3
7 3
3 3 3 3 3 3 3
15 5
13 14 2 9 17 16 13 10 16 12 19 7 17 5 10
12 7
9 49 7 40 17 35 46 39 10 20 7 47
9 4
1 2 3 4 5 6 7 8 9
9 4
9 8 7 6 5 4 3 2 1
10 3
9 9 9 9 1 1 1 9 9 1
10 2
1 100 1 100 1 100 1 100 1 100
10 9
50 50 50 50 50 50 50 50 50 1
11 3
2 3 5 7 11 13 17 19 23 29 31
8 3
1 1 1 100 1 1 1 1
1 10
42
14 2
3 29 28 22 11 16 18 4 12 14 11 20 21 30
